snapshot_date
cajj_snapshot_timestamp
cajj_collateral_btokens
cajj_supply_btokens
cajj_liabilities_dtokens
cajj_b_rate
cajj_collateral_value
cajj_supply_value
cajj_liabilities_value
cajj_total_cost_basis
cajj_total_yield
cccc_snapshot_timestamp
cccc_collateral_btokens
cccc_supply_btokens
cccc_liabilities_dtokens
cccc_b_rate
cccc_collateral_value
cccc_supply_value
cccc_liabilities_value
cccc_total_cost_basis
cccc_total_yield
total_collateral_btokens
total_supply_btokens
total_liabilities_dtokens
total_collateral_value
total_supply_value
total_liabilities_value
total_total_cost_basis
total_total_yield
2025-11-23 00:00
2025-11-20 05:31
42714.40746
0
0
1.061136427135
45325.8137193
0
0
45002.00000002788
323.8137193
2025-11-20 05:30
54085.5472338
0
0
1.077865415209
58296.940826
0
0
57790.67605175827
506.2647742
96799.95469380001
0
0
103622.7545453
0
0
102792.67605178615
830.0784934999999
2025-11-22 00:00
2025-11-20 05:31
42714.40746
0
0
1.061061682886
45322.621063
0
0
45002.00000002788
320.621063
2025-11-20 05:30
54085.5472338
0
0
1.077812309691
58294.068585
0
0
57790.67605175827
503.3925332
96799.95469380001
0
0
103616.689648
0
0
102792.67605178615
824.0135961999999
2025-11-21 00:00
2025-11-20 05:31
42714.40746
0
0
1.060714058793
45307.7725058
0
0
45002.00000002788
305.7725058
2025-11-20 05:30
54085.5472338
0
0
1.077398752358
58271.7011103
0
0
57790.67605175827
481.0250585
96799.95469380001
0
0
103579.4736161
0
0
102792.67605178615
786.7975643
2025-11-20 00:00
2025-11-20 05:31
42714.40746
0
0
1.060352316846
45292.3209129
0
0
45002.00000002788
290.3209129
2025-11-20 05:30
54085.5472338
0
0
1.076987453754
58249.4558002
0
0
57790.67605175827
458.7797484
96799.95469380001
0
0
103541.7767131
0
0
102792.67605178615
749.1006613
2025-11-19 00:00
2025-10-28 03:32
28563.3176282
0
0
1.05997011491
30276.2630686
0
0
30001.000000129992
275.2630685
2025-10-28 03:33
40154.1422095
0
0
1.07658141356
43229.2031802
0
0
42790.67605180078
438.5271284
68717.45983770001
0
0
73505.4662488
0
0
72791.67605193077
713.7901969
2025-11-18 00:00
2025-10-28 03:32
28563.3176282
0
0
1.059578690778
30265.0826968
0
0
30001.000000129992
264.0826967
2025-10-28 03:33
40154.1422095
0
0
1.076169061313
43212.6455294
0
0
42790.67605180078
421.9694776
68717.45983770001
0
0
73477.7282262
0
0
72791.67605193077
686.0521742999999
2025-11-17 00:00
2025-10-28 03:32
28563.3176282
0
0
1.059150468137
30252.8512375
0
0
30001.000000129992
251.8512374
2025-10-28 03:33
40154.1422095
0
0
1.075697245973
43193.7001892
0
0
42790.67605180078
403.0241374
68717.45983770001
0
0
73446.5514267
0
0
72791.67605193077
654.8753747999999
2025-11-16 00:00
2025-10-28 03:32
28563.3176282
0
0
1.058708481653
30240.2266371
0
0
30001.000000129992
239.226637
2025-10-28 03:33
40154.1422095
0
0
1.07515927786
43172.0985411
0
0
42790.67605180078
381.4224893
68717.45983770001
0
0
73412.3251782
0
0
72791.67605193077
620.6491263
2025-11-15 00:00
2025-10-28 03:32
28563.3176282
0
0
1.058261049615
30227.4464937
0
0
30001.000000129992
226.4464936
2025-10-28 03:33
40154.1422095
0
0
1.074640170737
43151.2542398
0
0
42790.67605180078
360.578188
68717.45983770001
0
0
73378.70073350001
0
0
72791.67605193077
587.0246816
2025-11-14 00:00
2025-10-28 03:32
28563.3176282
0
0
1.057803321468
30214.3722593
0
0
30001.000000129992
213.3722592
2025-10-28 03:33
40154.1422095
0
0
1.074160305007
43131.9856431
0
0
42790.67605180078
341.3095913
68717.45983770001
0
0
73346.35790239999
0
0
72791.67605193077
554.6818505
2025-11-13 00:00
2025-10-28 03:32
28563.3176282
0
0
1.057352757297
30201.5026517
0
0
30001.000000129992
200.5026516
2025-10-28 03:33
40154.1422095
0
0
1.073640553553
43111.1154693
0
0
42790.67605180078
320.4394175
68717.45983770001
0
0
73312.618121
0
0
72791.67605193077
520.9420691
2025-11-12 00:00
2025-10-28 03:32
28563.3176282
0
0
1.056916508922
30189.0419508
0
0
30001.000000129992
188.0419507
2025-10-28 03:33
40154.1422095
0
0
1.073107290785
43089.7027602
0
0
42790.67605180078
299.0267084
68717.45983770001
0
0
73278.744711
0
0
72791.67605193077
487.0686591